7.7 针对updatedDatabase of Mooctest的数据
通过调用题号为2061的数据，发现以下问题：
    1. 代码行数为38的代码异常多，经检查与答案一模一样，属于无效代码；
    2. 直接输出答案的代码并没有被判定为面向用例；
    3. user_id为60829的代码被错误地判定为面向用例；

7.10 以分组题号为基础推断user_id的分组情况
检测到3个user_id无法分类的情况：
47329 [2498, 2783, 2784, 2785, 2786, 2787, 2788, 2789, 2790, 2791, 2792, 2793, 2794, 2795, 2796, 2797, 2798, 2799, 2800, 2801, 2802, 2803, 2804, 2805, 2806, 2807, 2808, 2809, 2810, 2811, 2812, 2813, 2814, 2815, 2815, 2816, 2817, 2818, 2819, 2819, 2820, 2821, 2822, 2823, 2824, 2825, 2826, 2827, 2828, 2829, 2830, 2831, 2832, 2833, 2834, 2835, 2836, 2837, 2838, 2839, 2840, 2841, 2842, 2843, 2844, 2845, 2846, 2847, 2848, 2849, 2850, 2851, 2852, 2853, 2854, 2855, 2856, 2857, 2858, 2859, 2860, 2861, 2862, 2863, 2864, 2865, 2866, 2867, 2868, 2869, 2870, 2871, 2872, 2873, 2874, 2875, 2876, 2877, 2878, 2879, 2880, 2881, 2882, 2883, 2884, 2885, 2886, 2887, 2888, 2889, 2890, 2891, 2910, 2911, 2913, 2914, 2915, 2916, 2917, 2918, 2920, 2921, 2922, 2923, 2924, 2925, 2926, 2927, 2928, 2929, 2930]
60598 [2061, 2101, 2102, 2107, 2112, 2115, 2118, 2123, 2125, 2127, 2128, 2129, 2130, 2131, 2132, 2133, 2135, 2136, 2137, 2138, 2146, 2147, 2148, 2149, 2150, 2151, 2152, 2153, 2154, 2155, 2156, 2157, 2158, 2159, 2160, 2161, 2167, 2168, 2176, 2176, 2178, 2179, 2180, 2187, 2189, 2192, 2194, 2195, 2197, 2201, 2202, 2204, 2205, 2206, 2207, 2209, 2211, 2215, 2218, 2219, 2220, 2223, 2226, 2227, 2230, 2240, 2245, 2282, 2284, 2285, 2292, 2293, 2294, 2296, 2298, 2302, 2304, 2306, 2307, 2308, 2372, 2375, 2378, 2387, 2391, 2397, 2404, 2405, 2406, 2415, 2427, 2428, 2429, 2430, 2431, 2432, 2433, 2434, 2435, 2436, 2438, 2439, 2440, 2442, 2442, 2443, 2444, 2445, 2446, 2448, 2449, 2450, 2451, 2455, 2456, 2457, 2458, 2459, 2460, 2461, 2464, 2467, 2468, 2489, 2490, 2491, 2492, 2494, 2495, 2500, 2506, 2513, 2514, 2515, 2516, 2517, 2522, 2523, 2525, 2527, 2528, 2533, 2535, 2536, 2538, 2539, 2541, 2542, 2543, 2562, 2564, 2578, 2579, 2601, 2602, 2604, 2634, 2651, 2653, 2655, 2656, 2658, 2659, 2661, 2662, 2665, 2667, 2668, 2669, 2671, 2673, 2692, 2701, 2710, 2729, 2737, 2738, 2739, 2740, 2741, 2747, 2783, 2784, 2785, 2786, 2787, 2788, 2792, 2793, 2796, 2797, 2801, 2815, 2819, 2896, 2898, 2900, 2904, 2906, 2909, 2934, 2947, 2952, 2955, 2958, 2985]
61097 [2225, 2340, 2399, 2500, 2502, 2503, 2508, 2575, 2576, 2593, 2630, 2663, 2666, 2672, 2684, 2686, 2688, 2702, 2773, 2939, 2940]
其中user_id为60598的用户除了完成了group2的两百道题，还额外完成了group1中题号为2061, 2127, 2179, 2307, 2438, 2701的题，现作删除处理。
user_id为47329的做题组成：
    group1 1  {2498}
    group2 13 {2783, 2784, 2785, 2786, 2787, 2788, 2792, 2793, 2796, 2797, 2801, 2815, 2819}
    group3 36 {2789, 2790, 2791, 2794, 2795, 2798, 2799, 2800, 2802, 2803, 2804, 2805, 2806, 2807, 2808, 2809, 2810, 2811, 2812, 2813, 2814, 2816, 2817, 2818, 2820, 2821, 2822, 2825, 2826, 2827, 2828, 2829, 2833, 2839, 2846, 2847}
    group4 38 {2823, 2824, 2830, 2831, 2832, 2834, 2835, 2836, 2837, 2838, 2840, 2842, 2843, 2844, 2845, 2848, 2849, 2850, 2851, 2852, 2853, 2854, 2855, 2857, 2858, 2859, 2861, 2863, 2864, 2865, 2866, 2867, 2868, 2870, 2872, 2873, 2875, 2877}
    group5 41 {2841, 2856, 2860, 2862, 2869, 2871, 2874, 2876, 2878, 2879, 2880, 2881, 2882, 2883, 2884, 2885, 2886, 2887, 2888, 2889, 2890, 2891, 2910, 2911, 2913, 2914, 2915, 2916, 2917, 2918, 2920, 2921, 2922, 2923, 2924, 2925, 2926, 2927, 2928, 2929, 2930}
user_id为61097的做题组成：
    group3 18 {2225, 2340, 2399, 2500, 2502, 2503, 2508, 2575, 2576, 2593, 2630, 2684, 2686, 2688, 2702, 2773, 2939, 2940}
    group5 3  {2663, 2666, 2672} #作删除处理